# PORTIFOLIO ALLOCATION PROBLEM - DATA
param n_assets := 250;
param asset_data: price	lqdt	divd	dy	dy3ac	dy6ac	dy12ac	dy3m	dy6m	dy12m	dyy	price_delta	profitability	profitability_ac	liq_patr	vpa	pvp	dyp	patr_delta	sector_none	sector_hosp	sector_hotel	sector_hbd	sector_corp	sector_log	sector_other	sector_resd	sector_shop	sector_title :=
1 12.79	921.0	0.37073649532858	2.89637886975453	7.32657694878497	0.0	0.0	2.44219231626166	0.0	0.0	9.82480131083741	0.0	2.89637886975453	0.745978544558401	49695162.91	6.952381	1.8396575216461812	-9999999999.0	-9999999999.0	0	0	0	0	0	0	0	1	0	0 #KINP11
2 104.86	4406.0	2.0	1.92492781520693	5.21509110323795	9.39087897624879	15.783367602075	1.73836370107932	1.56514649604146	1.31528063350625	7.9685483859816	0.221857818076598	2.1510562361339	15.3292261784818	64361837.77	106.565686	0.9839940410086602	1.87677673280309	0.245518805341871	0	0	0	0	0	0	0	0	0	1 #JPPA11
3 96.42	13093.0	1.8	1.83767228177642	4.88484254428983	9.03635669009665	14.8570527631545	1.62828084809661	1.50605944834944	1.23808773026287	7.64287738483348	-0.497765136123518	1.33075985371802	10.9363927609988	282821145.09	94.219256	1.0233576881566546	1.27362500081724	0.348724689917668	0	0	0	0	0	0	0	0	0	1 #RZAK11
4 484.1	453.0	10.0	1.81818181818182	4.56326590543236	8.49813190745527	14.5469074014342	1.52108863514412	1.41635531790921	1.21224228345285	8.49813190745527	-21.6412594386665	-20.216555064824	-24.7393761862741	113735279.34	1118.73701	0.4327201081869992	0.89386512742615	0.0155670282508291	0	0	0	0	0	0	1	0	0	0 #MBRF11
5 112.48	39488.0	2.01	1.80706643891037	4.93815539584297	9.13686057745615	18.5854197899925	1.64605179861432	1.52281009624269	1.54878498249938	7.68934389200933	3.9532710280374	5.8317757009346	-0.208662408260341	574027635.81	104.014482	1.0813878782764115	1.93242321775923	4.45779251480944	0	0	0	0	0	0	1	0	0	0 #URPR11
6 99.31	7877.0	1.75	1.78371215982061	4.44736177075447	8.39248617212004	15.2439587434872	1.48245392358482	1.39874769535334	1.2703298952906	6.82603847126103	-0.728523727613073	1.04219366589091	7.13345310622859	1390944337.65	94.468023	1.0512551956337648	1.85247869535705	-0.251380861481187	0	0	0	0	0	0	0	0	0	1 #VCJR11
7 98.83	492.0	1.75	1.75	4.71920691137842	8.93456811760356	15.2425286515536	1.57306897045947	1.48909468626726	1.2702107209628	7.20773884931088	1.5228426395939	3.2994923857868	7.91361450207382	65942593.31	104.075406	0.9495999467924247	1.68147314265582	3.0449605166321	0	0	0	0	0	0	0	0	0	1 #FLCR11
8 98.75	40667.0	1.75	1.74511368169126	4.64351223843569	8.70094761553757	15.8667298783773	1.5478374128119	1.45015793592293	1.32222748986477	7.09993849463711	0.814315874132898	2.57364029355582	6.59129517420765	869511728.87	93.561297	1.055457792552833	1.60322702666253	-2.88781438427633	0	0	0	0	0	0	1	0	0	0 #VGIP11
9 107.39	24784.0	1.86	1.70642201834862	5.15450555530191	9.60201997362056	16.4037572698471	1.71816851843397	1.60033666227009	1.36697977248726	8.02595222547241	2.79139947189739	4.54545454545454	7.79243300470893	288419391.7	100.195442	1.0718052423981521	1.63731426625175	0.23095884026505	0	0	0	1	0	0	0	0	0	0 #ARCT11
10 99.99	57867.0	1.7205	1.68676470588235	4.53135692580931	8.1874275268295	14.7649005814292	1.5104523086031	1.36457125447158	1.23040838178576	6.7457559086873	1.97960407918416	3.6997600479904	6.0967167974566	2310672802.11	95.250361	1.0497598009103608	1.80629236670295	-0.0492784046964068	0	0	0	0	0	0	0	0	0	1 #RECR11
11 104.02	22097.0	1.75	1.67000668002672	4.34230298121045	7.98466476130154	15.0042665062478	1.44743432707015	1.33077746021692	1.25035554218732	6.61480174760291	1.55053784281423	3.24643860839229	4.7123528828144	1809753635.54	97.872965	1.0628062611570008	1.78803206789536	-0.227037523232809	0	0	0	0	0	0	0	0	0	1 #KNHY11
12 100.4	990251.0	1.7	1.6504854368932	4.63621654255129	8.42445186355158	15.5539971925803	1.54540551418376	1.40407531059193	1.29616643271503	6.9985963502436	0.615414672267267	2.27605743870276	6.16517274969017	6938900334.81	97.54584	1.029259679346654	1.74277037339573	-0.119647532546485	0	0	0	0	0	0	0	0	0	1 #KNIP11
13 91.41	1310.0	1.5	1.6134236850597	4.02079397279559	8.13615668567451	15.510997648418	1.34026465759853	1.35602611427908	1.29258313736817	6.54145853925224	-2.64921465968586	-1.0785340314136	0.214306291499722	73056364.17	91.161151	1.0027297702724267	1.354743754826	0.0576191142323434	0	0	0	1	0	0	0	0	0	0 #QAMI11
14 98.42	45210.0	1.6	1.6016016016016	4.34367406788361	8.01689516687469	15.725064995708	1.4478913559612	1.33614919447912	1.31042208297567	6.70596100490149	2.35655737704918	3.99590163934427	3.05028465626522	1363604754.65	98.060039	1.0036708225253714	1.6316534403989	0.828580068667462	0	0	0	0	0	0	0	0	0	1 #DEVA11
15 97.6	11646.0	1.52	1.5748031496063	4.35781104426249	7.90074632527013	13.8431898662448	1.45260368142083	1.31679105421169	1.1535991555204	6.77740178360346	1.88958091417712	3.49414124353424	10.4533295478991	369859708.13	99.201316	0.9838579157558756	1.42135211190142	0.030103418259575	0	0	0	0	0	0	0	0	0	1 #PORD11
16 95.44	5333.0	1.538980765	1.57183205494842	3.06915825815698	6.87328258483597	13.1210959709638	1.02305275271899	1.14554709747266	1.09342466424699	5.87406713146253	0.0	1.57183205494842	5.42955576817441	138440850.85	95.280434	1.0016746985010585	1.46934679159837	0.449401490654733	0	0	0	0	0	0	0	0	0	1 #NCHB11
17 89.5	21.0	1.4	1.5619770166239	4.34288854512076	7.53574980247542	12.2674490664629	1.44762951504025	1.25595830041257	1.02228742220524	6.65855682001929	-4.20051303976059	-2.70414707139803	13.9167832983527	79181152.56	95.63946	0.9358062038409669	1.46383093338252	-2.19497437634985	0	0	0	0	0	0	0	0	0	1 #VOTS11
18 98.0	2378.0	1.55	1.55622489959839	4.55381310062955	8.57970453967208	14.8226165164997	1.51793770020985	1.42995075661201	1.23521804304164	7.19276986630525	-0.390039003900389	1.16011601160115	8.48061366840678	98377736.44	98.346266	0.9964791139096222	1.504886825088	-1.03104010846484	0	0	0	0	0	0	0	0	0	1 #GCRI11
19 112.12	69337.0	1.77	1.53979991300565	4.36432950981819	8.05063222024171	15.617397935066	1.45477650327273	1.34177203670695	1.30144982792217	6.79078970055667	8.47409644238937	10.144380485043	-1.49813825523349	2671651053.42	120.975661	0.9267979945156076	1.46310421895525	1.01283148612581	0	0	0	0	0	0	1	0	0	0 #HCTR11
20 9.33	11784.0	0.15	1.53688524590164	4.29059404406539	7.53771298960919	0.0	1.43019801468846	1.2562854982682	0.0	6.48276675305005	1.13989637305698	2.69430051813468	7.53360543734256	55313386.31	9.462393	0.9860085075730842	1.58522268098567	-0.491401886672804	1	0	0	0	0	0	0	0	0	0 #BIME11
21 89.38	895.0	1.4	1.53340635268346	4.40823487548954	8.3068211844782	14.3507518979545	1.46941162516318	1.38447019741303	1.19589599149621	7.09253547019249	-1.02981029810298	0.487804878048781	14.2943396011648	47284328.37	98.149748	0.9106493070160505	1.42639184361431	0.0512092251794272	0	0	0	0	0	0	0	0	0	1 #RRCI11
22 102.0	5851.0	1.58	1.52025401712691	4.39617599058569	0.0	0.0	1.4653919968619	0.0	0.0	5.47309906750877	-1.91581728954321	-0.424688561721376	5.51476538484619	71254839.01	98.609104	1.0343872508972396	1.60228613374278	0.0198388175947084	0	0	0	1	0	0	0	0	0	0 #GCRA11
23 85.25	9233.0	1.3	1.50969689931483	3.02389719510882	5.26157666752576	9.20864132688353	1.00796573170294	0.876929444587626	0.767386777240294	4.55336137007533	3.82204002893658	5.38943814805886	2.14371829531412	228274891.17	91.309956	0.9336331297761221	0.711861037365958	-1.05561175759409	0	0	0	0	0	0	0	0	0	1 #SNFF11
24 81.5	16.0	1.298135109	1.49417024516575	3.94762271323514	8.35289972996978	0.0	1.31587423774505	1.39214995499496	0.0	6.69345242055803	-11.2473184186332	-9.92120225865769	-8.92438845329654	180214602.95	87.571026	0.9306731201253711	1.48013881851744	-7.89071256432954	0	0	0	1	0	0	0	0	0	0 #IDFI11
25 9.99	9108.0	0.15	1.48809523809524	4.12587605726939	7.32622133032491	0.0	1.3752920190898	1.22103688838748	0.0	6.28775979186338	-0.689655172413794	0.788177339901464	-1.97893849840183	203773668.14	9.891926	1.0099145505132165	1.51638821398381	0.12250219462433	0	0	0	1	0	0	0	0	0	0 #GAME11
26 99.33	28071.0	1.5	1.47899822520213	4.04423736163198	7.33646651641126	13.5098546843114	1.34807912054399	1.22274441940188	1.12582122369261	6.24484858268806	0.207489378519909	1.68955636794783	5.91106098795338	1052112121.61	100.048652	0.9928169746854759	1.49927057487991	0.216880063549874	0	0	0	0	0	0	0	0	0	1 #CVBI11
27 93.9	6092.0	1.4	1.47368421052632	4.23925733696083	7.873363820328	13.6388454182584	1.41308577898694	1.312227303388	1.13657045152153	6.84075512467583	-0.689943550073169	0.773573071294176	11.1972758238316	330593078.37	101.646386	0.9237908369905055	1.37732393161524	-0.135805396522837	0	0	0	0	0	0	0	0	0	1 #OUJP11
28 99.86	8807.0	1.5	1.47058823529412	4.42162777100923	8.0321138946441	0.0	1.47387592366974	1.33868564910735	0.0	5.53173878211034	-0.429519718859817	1.03475204998047	7.77075671521796	78429486.55	100.558359	0.993055186988483	1.4916711200508	-0.276558560467444	0	0	0	0	0	0	0	0	0	1 #MORC11
29 94.99	3907.0	1.41	1.46569646569647	4.11306903592491	8.49538345070942	16.038010490882	1.37102301197497	1.4158972417849	1.33650087424017	6.7093046591193	-2.63157894736842	-1.20445344129554	2.23682825965568	106085819.56	93.546146	1.015434671140808	1.37082219293139	-0.603674532315979	0	0	0	0	0	0	0	0	0	1 #ARRI11
30 97.35	129.0	1.4	1.45833333333333	3.92030740098781	7.57907895947805	0.0	1.3067691336626	1.26317982657968	0.0	6.36940154012321	-0.91856744762101	0.526370110434526	4.36983515910394	33257502.1	95.765671	1.0165438093155532	1.35748017679529	-1.92055545892599	0	0	0	0	0	0	0	0	0	1 #MATV11
31 98.2	602.0	1.45	1.45290581162325	4.03163909478763	8.32928880975677	15.2666985570001	1.34387969826254	1.38821480162613	1.27222487975001	6.38811233916853	-1.18811881188119	0.247524752475248	3.41335297945362	185762734.8	98.105225	1.0009660545602947	1.47800486671327	0.195953851445818	0	0	0	0	0	0	0	0	0	1 #RBHY11
32 100.18	13180.0	1.45	1.44135188866799	3.78332959523177	7.19810399529955	13.7090288531493	1.26110986507726	1.19968399921659	1.14241907109577	5.89815214166451	-1.80575890678381	-0.390434358223535	1.68199054600853	474303437.32	102.348703	0.9788106450161855	1.27016753695452	0.35569706264027	0	0	0	0	0	0	0	0	0	1 #BARI11
33 84.88	6243.0	1.3	1.43487858719647	3.93991111134093	7.94936420488309	14.006187585934	1.31330370378031	1.32489403414718	1.16718229882783	6.27299633526725	-1.09170305676856	0.32751091703056	8.41851161283147	166795155.28	96.548329	0.8791451999132994	1.3464759188116	0.0763910669945966	0	0	0	0	0	0	0	0	0	1 #RBHG11
34 92.75	32476.0	1.35	1.43357757247531	3.79320980418197	7.53753741720879	14.6001393097971	1.26440326806066	1.25625623620147	1.21667827581643	6.09918804710662	-0.559662090813096	0.865892291446668	0.588174991795554	1187259742.46	89.430413	1.0371192180449842	1.50955357882558	-0.597642935688958	0	0	0	0	0	0	0	0	0	1 #KNSC11
35 9.86	330138.0	0.14	1.42711518858308	4.06844758361006	8.97826293832338	17.0135768488948	1.35614919453669	1.49637715638723	1.41779807074124	7.17826293832337	-3.34975369458128	-1.9704433497537	2.37774122714718	608979159.27	9.358295	1.0536107271677158	1.49599900409209	-0.482863025646696	0	0	0	0	0	0	0	0	0	1 #VGHF11
36 102.83	1641.0	1.454777447	1.39680983869419	3.78703836115527	8.04129865020737	0.0	1.26234612038509	1.34021644170123	0.0	6.71599330684454	-5.23202911737943	-3.90830077616015	0.300844118771626	130503385.72	100.38722	1.0243335755288372	1.13929480664969	-0.402325623964861	0	0	0	1	0	0	0	0	0	0 #IRIM11
37 9.93	52374.0	0.14	1.39165009940358	4.15897786619447	0.0	0.0	1.38632595539816	0.0	0.0	6.32819517212178	-3.17613089509143	-1.82868142444658	10.8993289883083	134119495.76	9.517106	1.0433844069825429	1.47103541769946	-0.26259245414274	0	0	0	0	0	0	0	0	0	1 #XPCA11
38 92.0	1115.0	1.32	1.38947368421053	4.14046905688634	8.77742467358775	0.0	1.38015635229545	1.46290411226462	0.0	7.23007579799461	-3.06122448979592	-1.71428571428572	5.29170105800389	78895736.6	98.260896	0.9362829339557417	1.24159258633261	0.475751309629047	0	0	0	0	0	0	0	0	0	1 #IBCR11
39 79.74	1090.0	1.1000001392	1.3720844944493	3.65507561449654	6.82991000256764	13.454108633214	1.21835853816551	1.13831833376127	1.1211757194345	5.49657632774005	0.47625015666124	1.85486920566489	-1.82732456938454	99331744.57	92.222582	0.8646472292437007	1.19276658205037	-0.423553003457167	0	0	0	0	0	0	0	0	0	1 #OURE11
40 99.83	7673.0	1.4	1.36665365091761	4.03246501160937	7.86133583265328	14.395177408531	1.34415500386979	1.31022263877555	1.19959811737758	6.57649693168471	2.95477386934673	4.36180904522614	6.95011141789061	173824946.4	97.235423	1.026683454650061	1.38838291473263	0.439834383816029	0	0	0	0	0	0	0	0	0	1 #AFHI11
41 96.95	21.0	1.25	1.35854798391479	3.78070168893976	7.1410973923767	12.9938293624917	1.26023389631325	1.19018289872945	1.08281911354097	6.01761459570703	-4.15624999999999	-2.85416666666666	-0.548263308735331	39216529.56	98.164029	0.9876326490225865	1.17150855737594	1.29313499611461	0	0	0	0	0	0	1	0	0	0 #BLMC11
42 101.17	23266.0	1.4	1.35226504394861	3.68228535168898	7.14385237872306	15.117824769573	1.22742845056299	1.19064206312051	1.25981873079775	5.96567583349922	-0.604838709677413	0.739247311827951	-1.40442934183025	738157916.85	99.446441	1.017331530245512	1.40779296465723	0.758894111854902	0	0	0	0	0	0	0	0	0	1 #HABT11
43 10.15	372310.0	0.15	1.34649910233393	4.1358999841529	0.0	0.0	1.37863332805097	0.0	0.0	6.69946885117638	3.53159851301117	4.92565055762084	12.3262211047664	95747517.22	9.51418	1.0668286704687109	1.57659409428874	0.0724180747520675	0	0	0	0	0	0	0	0	0	1 #VGIA11
44 102.5	17221.0	1.4	1.34357005758157	3.94948340072965	7.78994499430751	0.0	1.31649446690988	1.29832416571792	0.0	6.64051970695118	0.773694390715662	2.12765957446808	6.66560066681157	252128060.08	100.851184	1.016348999928449	1.28902799990925	1.92336273738138	0	0	0	0	0	0	0	0	0	1 #SNCI11
45 108.7	8405.0	1.45	1.3302752293578	3.73514845308714	7.19315073346275	13.4393777991302	1.24504948436238	1.19885845557712	1.11994814992751	5.94430707018799	-1.17860380779692	0.135992747053493	4.17566668070275	670869079.01	107.20401	1.0139546086009283	1.35256134541982	0.808742679802954	0	0	0	0	0	0	0	0	0	1 #BCRI11
46 96.44	74.0	1.3	1.32856412876852	3.34475220762996	6.21471235225341	11.3078680714594	1.11491740254332	1.03578539204223	0.942322339288285	5.19690064741879	1.45152928978745	2.79937791601865	7.368354327091	432274986.83	92.828849	1.0389011717682721	1.40042671432886	0.159959045581481	0	0	0	0	0	0	0	0	0	1 #HREC11
47 108.8	4502.0	1.44	1.32718894009217	3.56105861979714	0.0	0.0	1.18701953993238	0.0	0.0	4.54972075131641	-3.87171081775495	-2.59590679542838	2.96681325224901	514806511.39	100.944056	1.0778247309579079	1.42653273215017	0.554984631265332	0	0	0	0	0	0	0	0	0	1 #KNCA11
48 1800.0	273.0	25.65068223	1.32493193336777	4.0758384447923	7.85687905105036	14.3664347658415	1.35861281493077	1.30947984184173	1.19720289715346	6.19293728369463	-6.01941747572815	-4.77423872669901	-9.89575356364304	370762576.82	2852.019822	0.6311316583829829	1.12359678403385	0.129514344598647	0	0	0	0	1	0	0	0	0	0 #BBFI11B
49 85.15	678.0	1.15	1.32183908045977	3.80126216472731	7.22881739496182	12.788879304946	1.26708738824244	1.2048028991603	1.06573994207883	6.09335696575777	-0.877292924689521	0.432949755041601	4.88127552322557	135199801.61	95.056895	0.8957793119583803	1.05200154076146	-0.0156008526067897	0	0	0	0	0	0	0	0	0	1 #MGCR11
50 94.35	2480.0	1.25	1.31274942239025	3.71949546586814	7.13389576757063	13.3043599859942	1.23983182195605	1.18898262792844	1.10869666549951	6.07848679659438	-0.18867924528303	1.1215932914046	6.75495468964353	168525677.28	95.017702	0.9929728673084516	1.31554433930637	0.0719435886435082	0	0	0	0	0	0	0	0	0	1 #HSAF11
51 97.1	31319.0	1.3	1.31061598951507	3.69096506645994	6.87799246520662	11.1692207929344	1.23032168881998	1.14633207753444	0.930768399411202	5.95964548976242	-0.968450479233229	0.329472843450485	3.37279617334634	731382825.14	96.606186	1.0051116188356717	1.24215648053842	-0.444061131676565	0	0	0	0	0	0	0	0	0	1 #VGIR11
52 101.25	28.0	1.35	1.30560928433269	3.82166573014161	7.80201725447058	0.0	1.27388857671387	1.30033620907843	0.0	6.11242744864534	4.44444444444445	5.80808080808082	8.9827859554678	72344443.12	97.756684	1.0357348045889117	1.38097973945188	1.7010705233043	0	0	0	0	0	0	0	0	0	1 #CYCR11
53 85.73	3510.0	1.15	1.30237825594564	3.76319205235071	7.24427318527905	13.2480607076933	1.25439735078357	1.20737886421317	1.10400505897444	6.11499807235155	0.822105503539627	2.1351906828043	6.02619724820357	195230258.4	92.562644	0.9261835692593223	1.18838437674706	-0.0855940624732154	0	0	0	1	0	0	0	0	0	0 #PLCR11
54 95.74	4934.0	1.25	1.29319263397476	3.90320532494319	7.22349490965494	12.2504993083554	1.30106844164773	1.20391581827582	1.02087494236295	6.23890518548729	0.082832884655204	1.37709670739283	11.4585352126607	464617244.4	96.592074	0.9911786343877449	1.29410203988373	0.767578119172585	0	0	0	0	0	0	0	0	0	1 #BTCR11
55 114.23	18663.0	1.53	1.29222972972973	3.60794330774828	6.65574102831601	12.0569177852004	1.20264776924943	1.109290171386	1.0047431487667	5.64080580263733	-1.2757441841074	0.0	1.97109582114767	1420685727.96	125.617999	0.909344209502971	1.21797832490549	-1.86193422927684	0	0	0	0	0	0	1	0	0	0 #TGAR11
56 9.13	87597.0	0.12	1.29171151776103	3.67903805589194	7.29084537090045	15.0123948738941	1.22634601863065	1.21514089515008	1.25103290615784	6.06510481931719	-0.641711229946529	0.641711229946518	1.20283578503515	309775483.06	10.372842	0.8801830780802408	1.15686713438805	2.15826785472644	0	0	0	0	0	0	1	0	0	0 #VSLH11
57 94.36	19404.0	1.22	1.28691983122363	3.68968942279036	6.9694075533313	12.8134349457411	1.22989647426345	1.16156792555522	1.06778624547843	5.96744494616262	-1.97497673456726	-0.713473270602838	2.90917204347734	842397396.03	96.810017	0.9746925258777714	1.26020017122815	-0.543705614515899	0	0	0	0	0	0	1	0	0	0 #XPCI11
58 104.17	104926.0	1.352460831	1.27952774929044	3.52894313249474	6.96953558034393	12.9546516581154	1.17631437749825	1.16158926339066	1.07955430484295	5.64993544792425	-0.283018867924523	0.992887576415113	1.64381718645197	3202717504.66	96.921114	1.0747916083589382	1.2194668088524	-0.186710085291997	0	0	0	0	0	0	0	0	0	1 #IRDM11
59 87.15	10086.0	1.15	1.27777777777778	3.63424323492973	6.89670600966093	12.1137612621245	1.21141441164324	1.14945100161015	1.00948010517704	5.85065597384271	-1.5209541525331	-0.262610788926587	7.34881700853636	570742091.11	93.510486	0.9319810400728749	1.22980860135835	-0.16816521646138	0	0	0	0	0	0	0	0	0	1 #FEXC11
60 44.78	2826.0	0.6	1.27091717856386	3.60489663282622	6.53024936826693	0.0	1.20163221094207	1.08837489471116	0.0	5.92071567684258	-7.84696466913917	-6.67577591255123	-7.73515259771167	57395561.83	48.190461	0.9292295419211699	1.24505968100201	0.0626969128451282	0	0	0	0	0	1	0	0	0	0 #MGLG11
61 98.9	845.0	1.25	1.26582278481013	3.75110862755124	0.0	0.0	1.25036954251708	0.0	0.0	5.93439046221148	-0.903161063723035	0.351229302558953	8.11313857925298	85843239.06	96.137229	1.0287377848179917	1.30022470275277	0.161729285943801	0	0	0	1	0	0	0	0	0	0 #JGPX11
62 76.7	1962.0	0.97	1.26334983068507	3.41509917974444	6.17466566343936	11.6650383661662	1.13836639324815	1.02911094390656	0.972086530513851	5.17157924368627	3.61673414304995	4.92577597840758	0.601337975548	160923032.64	120.581159	0.6360861069514185	0.804437449469199	-0.388726408750961	0	0	0	1	0	0	0	0	0	0 #RELG11
63 9.79	115397.0	0.126	1.2625250501002	3.53325675741727	6.59812002959052	0.0	1.17775225247242	1.09968667159842	0.0	5.75118125408032	-2.63414634146341	-1.40487804878048	7.50065842532277	289691582.98	9.546886	1.025465266894357	1.31980207996618	0.0868576010255584	0	0	0	0	0	0	0	0	0	1 #RZAG11
64 99.5	3.0	1.2562	1.2562	3.52594775516255	7.25681315922351	0.0	1.17531591838752	1.20946885987058	0.0	4.8748281065139	1.0611419909045	2.33067205659423	5.06951048212962	159364709.06	101.383491	0.9814221133892499	1.18362465936392	1.36285453644494	0	0	0	0	0	0	0	0	0	1 #CCRF11
65 98.99	38865.0	1.25	1.25075045027016	3.52322578663494	7.03320501863774	13.2025898771123	1.17440859554498	1.17220083643962	1.10021582309269	5.89635747135461	-2.49756097560976	-1.27804878048781	0.927042116984489	1266271603.58	96.2755	1.028195127524656	1.29835731832086	-0.373368974870836	0	0	0	0	0	0	0	0	0	1 #VRTA11
66 107.39	7.0	1.4	1.23893805309735	3.74063008226482	7.1769527685875	0.0	1.24687669408827	1.19615879476458	0.0	6.09361943525418	1.80180180180181	3.06306306306305	8.15813644583097	375749035.93	104.672146	1.0259653986648942	1.24197319886802	2.3476657314959	0	0	0	0	0	0	0	0	0	1 #MCHY11
67 81.95	25.0	1.0	1.23198225945546	2.97008326377736	6.31019794850417	12.0145496449463	0.990027754592452	1.05169965808403	1.00121247041219	5.17718185967569	1.71679197994987	2.96992481203007	-9.98546980017099	18909897.31	86.618283	0.9461051080867072	0.923592539926011	-1.55349997088143	0	0	0	0	0	0	1	0	0	0 #RECX11
68 101.29	8652.0	1.25	1.2196311835301	3.64328501928646	7.09205785764466	12.5778803358307	1.21442833976215	1.18200964294078	1.04815669465256	5.8151377128	-2.0546636085627	-0.860091743119273	1.56198846480196	351080583.18	103.345532	0.980110102873146	1.25791601711432	-0.414058377056514	0	0	0	0	0	0	0	0	0	1 #RBRY11
69 100.55	34285.0	1.25	1.2071463061323	3.62905378962771	7.29088510633379	13.1630249183891	1.20968459654257	1.2151475177223	1.09691874319909	6.06262530482057	-0.700038358266208	0.498657460682783	5.75186758940567	1077574252.11	98.203971	1.023889349647582	1.27286095182444	0.0	0	0	0	1	0	0	0	0	0	0 #RZTR11
70 72.79	640.0	0.8	1.20318844939089	3.18153488953935	5.91919956573983	10.3712980239481	1.06051162984645	0.986533260956638	0.864274835329009	5.02634242288269	-15.9737141412865	-14.9627195753823	-20.6316578754777	129777732.57	98.781636	0.7368778545032398	0.809867129554323	0.182070138437518	0	0	1	0	0	0	0	0	0	0 #MGHT11
71 100.0	26375.0	1.2	1.19165839126117	3.52235208243152	6.73889098890777	12.072846340226	1.17411736081051	1.1231484981513	1.00607052835217	5.65993565967515	-2.56410256410255	-1.40299951620706	3.57801526657431	1023097184.47	98.732635	1.0128363331941865	1.21540359983302	0.00712479835904833	0	0	0	0	0	0	0	0	0	1 #RBRR11
72 117.75	1322.0	1.42852009	1.19152564017016	3.40784631844021	6.44070770041381	12.0237002453943	1.1359487728134	1.0734512834023	1.00197502044952	5.43666878831289	1.17299578059071	2.37849796624472	-0.282814014526622	69417286.55	99.167552	1.1873843573349476	1.4291310125312	0.0134941371907171	0	0	0	0	0	0	1	0	0	0 #BNFS11
73 91.71	68536.0	1.12	1.18858113127454	3.49129745573378	6.88709197986051	12.947480985538	1.16376581857793	1.14784866331009	1.07895674879483	5.76395536560689	0.351437699680512	1.54419595314164	2.60981253339356	2612266966.14	93.386537	0.9820473372944538	1.17789997930858	-0.583433685972712	0	0	0	0	0	0	0	0	0	1 #CPTS11
74 10.08	144.0	0.12	1.18811881188119	3.40992613077588	0.0	0.0	1.13664204359196	0.0	0.0	5.28236950857785	-2.8846153846154	-1.73076923076925	5.39485927846546	38808751.87	9.671103	1.042280285919817	1.24080986419026	-0.510312570821725	0	0	0	1	0	0	0	0	0	0 #APTO11
75 89.43	1438.0	1.07947904965625	1.18767636665887	3.53350606616496	6.64562330642512	0.0	1.17783535538832	1.10760388440419	0.0	5.66887912037859	2.13507135633217	3.3481054609015	6.84493531834736	69242339.5	100.178155	0.8927095932241915	1.07755932384286	-2.0913297910618	0	0	0	0	0	0	0	0	0	1 #AFOF11
76 83.75	755.0	1.02	1.17241379310345	3.53197642980021	7.12677527680702	13.1281119986268	1.17732547660007	1.18779587946784	1.0940093332189	5.92830931324039	4.83190745872997	6.06097120134956	13.4932358505895	65492720.72	87.539442	0.9567116043531555	1.16518905843608	0.189110727046593	0	0	0	0	0	0	0	0	0	1 #ITIP11
77 63.42	7301.0	0.75	1.15278204734092	3.08847473313335	5.72232843663198	10.6116427199357	1.02949157771112	0.953721406105331	0.88430355999464	4.88504124712598	0.261981815379886	1.41778394205578	-0.566657447982966	349434722.44	77.78481	0.8153262828565115	0.964198536963708	-0.590412726073675	0	0	0	0	0	0	0	0	0	1 #BPFF11
78 90.3	2890.0	1.06	1.15217391304348	3.17332283008329	5.84639346722401	9.10906861406851	1.05777427669443	0.974398911204002	0.759089051172375	5.01611527011382	0.623427758941264	1.78278464398993	7.57304629351967	321097673.9	100.97	0.8943250470436763	1.04981677726057	0.200855229234742	0	0	0	0	0	0	0	0	0	1 #SADI11
79 9.46	87651.0	0.11	1.1482254697286	3.34508866057941	6.69999104766376	0.0	1.11502955352647	1.11666517461063	0.0	5.50833265640259	-3.52467270896274	-2.41691842900303	-0.202638666518451	315930781.84	9.778824	0.9673964885757225	1.12487963787875	-4.37909389567013	0	0	0	0	0	0	0	0	0	1 #MCHF11
80 64.23	2962.0	0.7500001322	1.14521321148267	3.28399262030966	6.2961865911938	11.6755984365977	1.09466420676989	1.04936443186563	0.97296653638314	5.36017075967661	0.629993853718491	1.78242183804547	5.49238961308973	143370322.13	79.020822	0.812823739039313	0.949117097516399	-0.76611853473092	0	0	0	0	0	0	0	0	0	1 #OUFF11
81 72.64	370.0	0.85	1.14339521119182	3.44156562090822	6.31340223706859	10.7837333586559	1.14718854030274	1.0522337061781	0.898644446554655	5.5132955561778	1.83561643835617	3.0	7.93006279220825	95026051.4	90.114197	0.8060883014914952	0.94324759948757	-0.934315958465759	0	0	0	0	0	0	0	0	0	1 #NAVT11
82 70.04	467.0	0.8	1.14122681883024	3.17029127051152	5.5406594465502	0.0	1.05676375683717	0.9234432410917	0.0	4.80913055115882	0.0856653340947755	1.22786978869216	-16.4454402954237	101357430.47	92.063609	0.7607783440251621	0.868964413506753	-0.0737065913471002	0	0	0	1	0	0	0	0	0	0 #DVFF11
83 69.0	3982.0	0.83	1.12162162162162	3.16092072207139	6.13235958061591	10.8729381844479	1.05364024069046	1.02205993010265	0.906078182037325	5.2639049190578	0.543478260869579	1.67119565217393	7.46707751008058	341845140.55	85.378042	0.8081703255738754	0.972146913371473	-0.383055653580844	0	0	0	0	0	0	0	0	0	1 #BBFO11
84 95.3	4789.0	1.1	1.12016293279022	3.31392531637835	6.59598024532562	12.8148761563634	1.10464177212612	1.0993300408876	1.06790634636362	5.48467156822747	-5.47694677062277	-4.41813456540572	-5.93614807158885	424973878.67	102.479896	0.9299384925214991	1.07338126104265	-2.15062227416928	0	0	0	1	0	0	0	0	0	0 #MFII11
85 96.49	30409.0	1.1	1.11663790478124	3.10997120963886	6.06225814328716	11.9517092542172	1.03665706987962	1.01037635721453	0.995975771184769	5.09279619466865	-1.58841158841158	-0.48951048951047	2.10867936885308	1210958902.24	97.522066	0.9894171027918953	1.02540895718924	0.727941236696195	0	0	0	0	0	0	0	0	0	1 #MCCI11
86 9.64	548786.0	0.11	1.10998990918264	3.3096094510935	6.1738601678388	10.8388056374276	1.1032031503645	1.0289766946398	0.903233803118965	5.2747592687379	-0.402010050251245	0.703517587939717	14.767754281036	2302693543.19	10.187122	0.9462927802376373	0.981631514769333	-0.0217972836913938	0	0	0	1	0	0	0	0	0	0 #MXRF11
87 99.0	106.0	1.1	1.10397430750703	3.28536967685152	0.0	0.0	1.09512322561717	0.0	0.0	4.35679824828009	0.16083634901487	1.26658624849214	6.17607165997425	51240359.56	101.970865	0.9708655506648884	1.07873950073877	0.326965532425683	0	0	0	0	0	0	0	0	0	1 #EQIR11
88 81.74	5515.0	0.93	1.10059171597633	3.30335714530503	0.0	0.0	1.10111904843501	0.0	0.0	5.48306167424666	-1.05386416861827	0.0351288056206212	8.05996823656432	153333807.55	97.475668	0.8385682465905234	0.954084254134068	-0.290701120808712	0	0	0	0	0	0	0	0	0	1 #JSAF11
89 15.83	4911.0	0.18	1.09489051094891	3.17791419929274	5.37375518377895	10.2835726797787	1.05930473309758	0.895625863963159	0.856964389981556	4.87892837316267	-6.0034305317324	-4.97427101200684	-9.78646545960719	129112080.33	53.47208	0.29604234583730427	0.336624271956505	-0.57156944303669	0	0	0	0	1	0	0	0	0	0 #XPCM11
90 104.3	13980.0	1.15	1.08470099981136	3.11646203440793	6.27831922754705	11.7625534648314	1.03882067813598	1.04638653792451	0.980212788735949	5.09695640739774	0.207939508506616	1.29489603024573	5.77055731171914	1504251061.11	102.560633	1.0169594019568893	1.12128793120846	0.0401152923999115	0	0	0	0	0	0	0	0	0	1 #HGCR11
91 81.09	20527.0	0.89	1.06268656716418	3.10060218745977	5.9805590436451	11.3708895981736	1.03353406248659	0.996759840607516	0.947574133181134	5.03039012472618	-2.17264338278238	-1.13304520499942	-6.17162815448922	1512931778.94	95.035254	0.853262306217438	0.936494577054532	-0.896125631279099	0	0	0	0	1	0	0	0	0	0 #BBPO11
92 80.9	60.0	0.875	1.05447095685707	3.07683307086888	5.79526527987832	0.0	1.02561102362296	0.965877546646386	0.0	4.8861743707874	0.581818181818194	1.64242424242425	-1.54332118410838	124082191.95	103.401827	0.7823846284650271	0.846213287894807	0.403951752034493	0	0	0	0	0	0	1	0	0	0 #HCHG11
93 100.9	74985.0	1.08	1.05365853658537	2.98329901326837	5.4385186834886	8.69123407842623	0.994433004422791	0.906419780581434	0.724269506535519	4.63420284239003	0.509903902726028	1.56893508531084	7.44616443803352	4036597525.47	101.126852	0.9977567580171487	1.06796560818486	0.0170369535339665	0	0	0	0	0	0	0	0	0	1 #KNCR11
94 65.05	13090.0	0.7	1.0461814377522	3.05546486975699	5.83382484028425	10.8016372121236	1.018488289919	0.972304140047375	0.900136434343636	4.91531020965834	-1.31268436578171	-0.280235988200583	-7.97106414634233	202952841.1	87.513056	0.7433176599386495	0.799880648665726	-2.20867040328022	0	0	0	0	0	0	0	0	0	1 #MORE11
95 139.0	633.0	1.536892199	1.04557602489965	3.20344468909326	5.80315148102833	10.4344512320701	1.06781489636442	0.967191913504722	0.86953760267251	4.97246597792866	1.47739040386607	2.53841366862273	6.76448272451216	138823482.78	216.179384	0.6429845317720029	0.707691869452269	-0.00752836574055005	0	0	0	0	0	0	1	0	0	0 #FAED11
96 72.15	534.0	0.77	1.04054054054054	3.08961732735961	6.06970579457973	11.2518147469207	1.0298724424532	1.01161763242996	0.937651228910057	5.02760053142184	1.23119015047881	2.28454172366623	-3.35904163374232	30096700.62	88.886233	0.8117117529325379	0.877526219386527	-2.44091240238519	0	0	0	0	0	0	0	0	0	1 #GCFF11
97 70.32	2301.0	0.75	1.02880658436214	3.14261018957172	6.23463974294277	11.4420931504982	1.04753672985724	1.03910662382379	0.953507762541519	5.26648687670073	-1.36652685698821	-0.351779190907853	2.4963088373509	75135829.0	100.181105	0.7019287718976547	0.748644167979581	-0.0261567728248591	0	0	0	0	0	1	0	0	0	0 #PLOG11
98 71.23	17903.0	0.74	1.02068965517241	2.90251351769624	5.52048362178693	10.0866174254305	0.967504505898746	0.920080603631154	0.840551452119206	4.69339074149185	-4.40400843881857	-3.4282700421941	-9.9381847530898	1174713672.72	97.892806	0.7276326311455411	0.75592888817591	-0.706763180834868	0	0	0	0	1	0	0	0	0	0 #GTWR11
99 7.02	10.0	0.098	1.01030927835052	0.0	0.0	0.0	0.0	0.0	0.0	1.01030927835052	0.0	1.01030927835051	1.01030927835051	71878054.17	0.746506	9.40380921251805	-9999999999.0	-9999999999.0	0	0	0	0	0	0	0	0	0	1 #SRVD11
100 7.18	98475.0	0.075	1.00942126514132	3.04912264509428	6.03203734551528	11.121224471716	1.01637421503143	1.00533955758588	0.926768705976334	4.98646442884861	-0.134408602150549	0.873655913978477	-2.27839384430871	211636911.87	8.28596	0.8665260271591946	0.90514557154512	-1.12859048973206	0	0	0	0	0	0	0	0	0	1 #BLMR11
101 51.87	3047.0	0.56	1.00358422939068	3.5889493036837	6.39585352035358	11.3581238163993	1.19631643456123	1.0659755867256	0.946510318033273	5.59215994990214	-1.93321616871704	-0.949033391915632	3.87484226105688	63680942.27	59.070929	0.8780969061786721	0.948012854174005	-1.31406599434095	0	0	0	0	0	0	0	0	0	1 #RDPD11
102 7.43	233715.0	0.075	1.00267379679144	2.70424739259062	5.21882429162833	9.46524499551874	0.901415797530207	0.869804048604722	0.788770416293229	4.35355853143055	-1.9659239842726	-0.9829619921363	-4.03737701085553	397684224.87	8.998185	0.8257220761742508	0.833501422786929	-0.500671037190059	0	0	0	0	0	0	0	0	0	1 #KISU11
103 102.3	57.0	0.96	1.00229693046565	2.51186477418139	3.82520435974951	7.53339901313721	0.837288258060464	0.637534059958252	0.627783251094767	3.33739948170073	4.01824500434405	5.06081668114682	-11.7802574975314	113579867.97	142.937339	0.715698226339585	0.671622968999024	-0.0161695064554657	0	0	0	0	0	0	1	0	0	0 #HUSC11
104 296.0	106.0	3.74	0.997333333333333	3.29952740411824	5.12501009672061	8.79016704864934	1.09984246803941	0.854168349453436	0.732513920720778	4.50128678038373	-1.31578947368421	-0.331578947368416	-34.6235523770344	50536041.45	470.185814	0.6295383467268963	0.795430208364389	-0.895993642246129	0	0	0	0	0	0	0	0	0	1 #RNDP11
105 62.99	4149.0	0.6279	0.996508490715759	2.87002707116433	5.46979588844688	10.4818337505432	0.95667569038811	0.911632648074479	0.873486145878599	4.63978927906155	-3.0466225573165	-2.08047391906447	-8.61617438605952	154636386.6	96.13389	0.6552319894680222	0.653151557686889	-0.0511223072844458	0	0	0	0	0	0	1	0	0	0 #SEQR11
106 90.77	7355.0	0.92	0.992127682519142	2.85364573514446	5.65039464889588	10.9731361980631	0.951215245048152	0.941732441482647	0.91442801650526	4.76250314728597	-6.4750378214826	-5.54715078164396	-1.47817662199657	1193288764.7	102.97448	0.8814805377021568	0.893425244779095	-0.00445721640328633	0	0	0	0	0	0	1	0	0	0 #RBVA11
107 97.36	2667.0	0.97	0.988283239938869	2.91050973373836	5.59560568310758	10.592441317223	0.970169911246119	0.932600947184596	0.882703443101916	4.75764229846417	-0.95862764883955	0.020181634712424	2.60151242373676	170397413.7	107.168185	0.9084785750547143	0.905119369148596	-0.833175516888873	0	0	0	0	0	0	1	0	0	0 #BBRC11
108 50.58	6186.0	0.5	0.980199960792002	2.80968340726131	5.41844149071745	10.1741291277166	0.93656113575377	0.903073581786242	0.84784409397638	4.59431383860453	-3.57277882797732	-2.62759924385634	-3.6155213296061	243550499.04	64.960398	0.7786282343898201	0.769699717664907	-0.82534153483601	0	0	0	0	0	0	0	0	0	1 #RBFF11
109 74.5	3919.0	0.75	0.97911227154047	2.88960018974478	5.66177972467131	10.8778551911234	0.96320006324826	0.943629954111885	0.906487932593615	4.76228344258928	-0.841423948220077	0.129449838187679	-0.903077289282372	126004830.9	87.503355	0.8513959264761906	0.857109993096836	0.00281711420306863	0	0	0	0	0	0	0	0	0	1 #RVBI11
110 76.9	4499.0	0.8	0.962579713632535	2.84140269148753	5.55608350536843	11.1086651380858	0.947134230495843	0.926013917561404	0.925722094840479	4.59320771634522	-2.2235294117647	-1.28235294117647	-7.57657965131631	360918215.84	94.714573	0.8119130727644204	0.844642988571569	-2.04004909200031	0	0	0	0	0	1	0	0	0	0 #BLMG11
111 7.15	102110.0	0.069	0.96234309623431	2.84514910206699	5.4247946711477	10.511221675251	0.948383034022329	0.904132445191284	0.875935139604252	4.57630982266285	-90.2382573179033	-90.14431586113	-90.5572190927735	375228449.53	8.665356	0.8251247842558345	0.796274267323812	-90.0940230076269	0	0	0	0	0	0	1	0	0	0 #XPSF11
112 69.31	7.0	0.69	0.961672473867596	2.59385177200498	4.884118186941	8.38834595046306	0.864617257334993	0.814019697823499	0.699028829205255	4.14623272438593	-9.5436207766011	-8.67372667675238	-16.9171303006369	13220968.32	88.139789	0.7863644874393789	0.782847347183915	-0.369319405637714	0	0	0	0	0	0	0	0	0	1 #QIRI11
113 76.65	409.0	0.75	0.958834057785733	0.0	0.0	0.0	0.0	0.0	0.0	1.75437900607531	-11.103534492556	-10.2511649051028	-9.53717258135665	200991074.86	97.676306	0.7847348363071799	0.71665281854537	-0.0668435684115898	1	0	0	0	0	0	0	0	0	0 #CXCI11
114 74.82	848.0	0.75	0.955292319449752	0.0	0.0	0.0	0.0	0.0	0.0	2.90367288625137	0.65384615384616	1.61538461538462	6.33132541151717	214253899.43	102.483377	0.7300696189978204	0.731826001401183	0.0218180529177214	0	0	0	0	0	0	1	0	0	0 #CXAG11
115 118.2	1397.0	1.16	0.954811095563421	2.79405657066292	5.47174012150201	10.1226976553031	0.931352190220972	0.911956686917002	0.843558137941921	4.64542269088149	-0.881129150689397	0.065268825976994	6.03297111130014	286633457.39	141.783973	0.8336626312481736	0.818146067891608	0.0412918069225832	0	0	0	0	0	0	1	0	0	0 #RBED11
116 7.49	25896.0	0.072	0.95112285336856	2.93917139863643	5.71822656385835	0.0	0.979723799545475	0.953037760643059	0.0	4.80797015360194	-89.8416532474504	-89.7450348899624	-89.5526528432062	256297429.41	9.511443	0.7874725212567641	0.756982930981135	-90.075539666307	0	0	0	0	0	0	0	0	0	1 #VIUR11
117 68.27	5427.0	0.67	0.949815707400057	2.78463431811154	5.46561627650116	10.3117273496848	0.928211439370512	0.910936046083526	0.85931061247373	4.61171367476667	-1.41160027952479	-0.475192173305372	0.358276472616015	90726897.87	84.149441	0.8112947535801218	0.796202555879129	-0.621858569947198	0	0	0	0	0	0	0	0	0	1 #RFOF11
118 60.85	22550.0	0.6	0.948166877370417	2.85842004192738	5.47369904714019	9.90992062952379	0.95280668064246	0.912283174523366	0.825826719126982	4.62140355248371	1.248	2.20800000000001	5.17288677287344	688916761.45	76.118184	0.7994147627063726	0.722560590778151	-2.28219147503981	0	0	0	0	0	0	0	0	0	1 #MGFF11
119 75.0	1607.0	0.73	0.946208684381076	2.72597708802045	5.19284876451811	9.55188095064817	0.908659029340149	0.865474794086351	0.795990079220681	4.39039477678805	-1.08974358974359	-0.15384615384616	-0.791309926475547	378773190.18	96.515019	0.7770811297255198	0.756358966266173	0.654779994599686	0	0	0	0	1	0	0	0	0	0 #CXCO11
120 86.0	9.0	0.81	0.943835935679329	2.67888139564612	5.42509515748861	11.5645025802827	0.892960465215372	0.904182526248102	0.963708548356895	4.38414455354085	-6.71739130434783	-5.83695652173913	-5.63262349904558	94319594.07	92.714156	0.9275821914401076	0.873652994263357	-0.664863093153434	0	0	0	1	0	0	0	0	0	0 #CORM11
121 39.5	7792.0	0.35	0.943396226415094	2.49877605873584	4.56904023319975	9.0578797235644	0.832925352911945	0.761506705533292	0.754823310297033	3.83545640782849	-11.6245831348261	-10.7908527870414	-30.6622789564177	321898927.3	85.180958	0.4637186635069307	0.410889955006141	0.113226103613084	0	0	0	0	1	0	0	0	0	0 #RBCO11
122 91.94	7.0	0.91	0.923857868020305	2.7484120515967	4.62722544357937	7.52490608655909	0.916137350532233	0.771204240596561	0.627075507213257	4.03775175936884	0.489695980412175	1.41807794327689	8.70440424040178	50085080.06	100.17016	0.9178382065078063	0.90845417437688	0.869324628033508	0	0	0	0	0	0	0	0	0	1 #BICR11
123 101.32	9493.0	0.94	0.921478286442506	2.7444980650876	5.55281133250438	0.0	0.914832688362534	0.925468555417397	0.0	3.66258436519982	-0.224960876369318	0.694444444444464	7.92393229290296	347612245.52	103.315842	0.980682130045458	0.909831427401037	-0.00146248423533724	0	0	0	0	0	0	1	0	0	0 #BTRA11
124 87.0	16.0	0.8	0.919540229885057	2.7296754154307	5.44687781358308	9.72133197930723	0.909891805143565	0.907812968930514	0.810110998275602	3.6474223467144	-0.343642611683848	0.572737686139746	3.49538054803284	66897594.99	104.495001	0.8325757133587663	0.765586862858636	1.71842172337513	0	0	0	0	0	1	0	0	0	0 #RBLG11
125 43.01	5191.0	0.4	0.913659205116492	2.71245367914707	5.36271126093711	15.9803947438585	0.904151226382355	0.893785210156185	1.33169956198821	4.50249620717367	-1.1515014675999	-0.248363061639179	1.05277832371207	95065138.49	52.872713	0.8134630806631769	0.756533904360081	0.0567817228443346	0	0	0	0	1	0	0	0	0	0 #SPTW11
126 73.0	290.0	0.67	0.906998781643428	2.72780664531772	5.34479281804632	0.0	0.909268881772574	0.89079880300772	0.0	4.49128963333294	-3.94018205461638	-3.06892067620287	-0.325368534621417	239575654.97	119.787827	0.609410837713919	0.559322275710035	0.0667065002704081	0	0	0	0	0	0	0	1	0	0 #VCRR11
127 65.09	615.0	0.59	0.896792825657395	2.54472100405791	4.78926525236805	8.16432264158026	0.848240334685971	0.798210875394675	0.680360220131689	4.0381606868305	0.611714329408186	1.51399296528523	-1.26870854236424	59827386.69	86.701331	0.7507381864760532	0.680497050270197	-0.613735722843545	0	0	0	0	0	0	0	0	0	1 #CRFF11
128 76.87	4345.0	0.72	0.896637608966376	3.36344340558993	5.85215153616763	10.468433236796	1.12114780186331	0.975358589361272	0.872369436399666	5.02221956337852	0.124688279301743	1.0224438902743	7.66963075574452	489073625.01	101.362682	0.7583658845964633	0.71032058918883	0.116937953902774	0	0	0	0	1	0	0	0	0	0 #AIEC11
129 89.99	2994.0	0.83	0.893049279104799	2.65318066079125	5.24163510719902	9.81352572003625	0.884393553597085	0.873605851199837	0.817793810003021	4.46403013052717	0.269716258496056	1.16517423670299	5.79661512774952	217200401.3	102.695225	0.8762822224694479	0.808216740359642	-0.758775508898502	0	0	0	0	0	1	0	0	0	0 #VTLT11
130 232.48	285.0	2.48634405	0.884819946619217	2.35659176693306	4.77359870697449	9.32863493087735	0.785530588977686	0.795599784495749	0.777386244239779	1.6226353110507	-18.0758017492711	-17.3509201020408	-16.7411224919924	51810193.32	259.050967	0.8974295780181356	-9999999999.0	-9999999999.0	0	1	0	0	0	0	0	0	0	0 #HCRI11
131 69.12	5462.0	0.62	0.884703196347032	2.56778830315064	5.32444516808763	10.4452472552261	0.855929434383548	0.887407528014605	0.870437271268842	4.45276754590986	-1.1426153195091	-0.268020877415709	2.45667239952978	421166070.61	77.281326	0.8943945915213721	0.776384194028969	-0.844184120414659	0	0	0	1	0	0	0	0	0	0 #CPFF11
132 110.79	30.0	0.99	0.884007500669703	2.68778676946335	5.74100366903527	10.6740153623667	0.89592892315445	0.956833944839212	0.889501280197222	4.66991362164191	1.30257801899594	2.19810040705564	10.137379397917	31666498.37	113.927954	0.9724566808247957	0.868970226569679	1.53870757932195	0	0	0	0	0	0	0	0	0	1 #HGIC11
133 81.5	3284.0	0.74	0.880952380952381	2.54296413046723	4.83339091489639	9.21251694836664	0.847654710155743	0.805565152482732	0.76770974569722	4.08894517801143	-1.46627565982405	-0.598240469208211	1.0058954737427	389494590.19	104.72993	0.7781920602830538	0.706579293999337	-0.173838516640012	0	0	0	0	0	0	0	0	0	1 #BCIA11
134 36.99	855.0	0.341472868443329	0.875122676687158	2.59959240825342	5.14483682617997	11.9435231301128	0.866530802751141	0.857472804363328	0.995293594176065	4.32712437137945	-0.939324701700928	-0.072422268486072	-10.3281802109951	111148930.54	64.887434	0.570064151404107	0.564712959218116	-6.72620901858236	0	0	0	0	0	0	1	0	0	0 #CXCE11B
135 93.25	2337.0	0.82	0.863430557018006	2.57865679377979	5.07281508081928	9.91565280969117	0.859552264593265	0.845469180136547	0.826304400807598	4.25648855020704	-0.388084749318229	0.471994965387035	-0.819020631967216	584193098.84	101.62478	0.9175911623129713	0.806889815653229	-0.581579210322258	0	0	0	1	0	0	0	0	0	0 #GALG11
136 79.48	77.0	0.69	0.8625	2.36723368919543	4.56795374597181	9.04919986604941	0.789077896398475	0.761325624328636	0.754099988837451	3.81486732621873	0.012501562695344	0.875109388673612	5.85830055565846	213265274.29	101.612957	0.7821837130475399	0.679047259691498	-0.751407482536171	0	0	0	0	0	0	0	0	1	0 #VSHO11
137 63.0	110.0	0.55	0.861124158446845	2.47159666511837	4.79935632479502	8.36943973932691	0.823865555039456	0.79989272079917	0.697453311610576	3.99526275754356	-0.171928727727411	0.687714910909665	-3.7188865248967	132926744.2	84.357227	0.746823979882601	0.651989188786398	-1.17819704283724	0	0	0	1	0	0	0	0	0	0 #CXRI11
138 71.15	4993.0	0.62	0.860752464251006	2.48065791567495	4.89981183459863	9.61757060110213	0.826885971891648	0.816635305766438	0.801464216758511	4.09461702940383	-9.16771752837326	-8.3858764186633	-4.58089879494576	150528092.96	100.312071	0.7092865224565048	0.6180711790907	0.0553819193473748	0	0	0	0	0	0	0	1	0	0 #JFLL11
139 98.92	13036.0	0.85	0.860323886639676	2.46393539172249	4.93669795475114	9.27442531212029	0.821311797240831	0.822782992458523	0.772868776010024	4.04622600461757	-1.1208967173739	-0.270216172938342	1.44268422037519	708147194.5	97.745474	1.0120161676232702	0.869605481681945	-1.00380911431212	0	0	0	0	0	0	1	0	0	0 #TRXF11
140 76.63	5528.0	0.68	0.853413654618474	2.59008094061542	5.07737591808669	9.54181777613199	0.863360313538472	0.846229319681114	0.795151481344332	4.29129344385988	-0.524344569288371	0.324594257178545	9.39028288628412	431804707.84	95.251424	0.8045024082789565	0.713900088254849	-0.248244633600725	0	0	0	0	0	0	0	0	0	1 #KFOF11
141 98.49	10324.0	0.83	0.852156057494866	2.51083185764583	5.07533194562767	9.53348155344787	0.836943952548609	0.845888657604612	0.794456796120656	3.35954817421702	-2.23828164207567	-1.40519923717755	6.84665078811997	620294632.17	103.680763	0.9499351388839605	0.800534232179599	0.512968152087723	0	0	0	0	0	0	1	0	0	0 #BTAL11
142 107.8	11154.0	0.93	0.851882385270679	2.49113212057759	4.77014136991023	9.04719798998023	0.830377373525864	0.795023561651704	0.753933165831686	4.05273104620069	-0.464989059080967	0.382932166301964	-2.34824706990292	1012027467.97	130.442319	0.8264189170080608	0.712958805953151	-0.0649305920608634	0	0	0	0	0	1	0	0	0	0 #GGRC11
143 97.99	1.0	0.83	0.851282051282051	2.48957638242017	4.82868703376808	8.97310710240879	0.829858794140057	0.80478117229468	0.747758925200733	4.02624924809007	-1.35572642654797	-0.51598543099961	-0.490936961985611	99158182.73	100.719332	0.9729016074093899	0.794286443440669	0.074480071275107	0	0	0	1	0	0	0	0	0	0 #FATN11
144 57.52	11710.0	0.5018	0.850508474576271	2.41497817154597	4.65583571924475	8.98849726613087	0.804992723848656	0.775972619874125	0.749041438844239	3.9036527670618	-5.44871794871795	-4.64455128205129	-12.347278872753	789124446.38	96.477683	0.5962000559238141	0.520120285226999	-0.35017508496028	0	0	0	1	0	0	0	0	0	0 #RECT11
145 7.01	19835.0	0.06	0.848656294200849	2.61115764356278	5.13848144591218	9.93654284950217	0.870385881187592	0.856413574318697	0.828045237458514	4.27573634787297	-1.66898470097357	-0.834492350486782	-5.4384708810454	72445994.24	8.955902	0.7827240628582135	0.669949269208171	-0.756457715870906	0	0	0	0	0	0	0	0	0	1 #VIFI11
146 64.0	49481.0	0.54	0.846527668913623	2.44379093048518	4.76878300791343	8.78090636102669	0.814596976828394	0.794797167985571	0.731742196752224	3.99657360819792	-4.54885530450396	-3.74083495436182	-7.41913216636832	1971239952.12	78.266115	0.8177229698957206	0.689953755849514	-0.228384701120043	0	0	0	0	0	0	0	0	0	1 #BCFF11
147 70.81	4492.0	0.62	0.845147219193021	2.52215104518843	4.86697828086542	8.97042559648465	0.840717015062808	0.811163046810904	0.747535466373721	4.10221034837597	-3.0527289546716	-2.23338178934849	0.5515116950082	256100841.42	89.433269	0.791763521469846	0.693254319038701	-0.166531498825251	0	0	0	0	0	0	0	0	0	1 #HGFF11
148 93.7	665.0	0.8	0.842371275139518	2.42768881749446	5.3131133772601	10.1567791404845	0.809229605831487	0.885518896210017	0.846398261707042	3.9999820641288	-5.02050205020501	-4.22042204220422	-3.39194566260174	237060611.85	116.600624	0.8035977577615708	0.686102674716389	0.131443714823698	0	0	0	1	0	0	0	0	0	0 #NEWL11
149 71.7	14586.0	0.62	0.838064341713977	2.51898704065387	5.19916708245837	9.75196846345476	0.839662346884625	0.866527847076395	0.81266403862123	4.28328713318403	-3.77211238293443	-2.9656607700312	6.8856655779812	911210974.25	98.676468	0.726617008626616	0.628315962829152	-0.190971001425055	0	0	0	1	0	0	0	0	0	0 #SARE11
150 46.95	6463.0	0.4	0.835421888053467	2.44204871623703	4.73678787563811	9.22940780437857	0.814016238745678	0.789464645939685	0.769117317031547	3.20928665964078	0.545989080218412	1.38597228055442	-1.48427362235668	300831716.41	59.688833	0.7865792919757705	0.653388549245049	-0.0296064867968293	0	0	0	0	0	0	1	0	0	0 #QAGR11
151 53.74	19525.0	0.45	0.830564784053156	2.39854885407776	4.68043765276999	9.59962147470955	0.799516284692588	0.780072942128331	0.799968456225796	3.86562283795518	-7.43208610968734	-6.66324961558175	-12.1575583779778	565410376.25	77.28228	0.6953728590823148	0.582280957549389	-1.53780216383662	0	0	0	0	0	0	1	0	0	0 #XPPR11
152 89.27	12788.0	0.76	0.829513206723423	2.49874327285999	5.05595694817127	9.60133956604412	0.832914424286662	0.842659491361878	0.800111630503677	4.22180043406743	0.692383778437211	1.52764040004398	10.4669131885759	638749928.55	99.881929	0.8937552657798589	0.760898400350278	-0.690937314283813	0	0	0	0	0	1	0	0	0	0 #SDIL11
153 69.91	20527.0	0.6	0.825877494838266	2.46189124372972	4.94476484135592	9.64740079292913	0.820630414576573	0.824127473559319	0.803950066077428	4.13221455977909	1.24024526198439	2.07636566332219	4.28720497535109	1149405774.49	84.016161	0.8321018143164146	0.714015213022333	-1.83834922295694	0	0	0	0	0	0	0	0	0	1 #RBRF11
154 155.99	252.0	1.28	0.825806451612903	2.40297706484909	4.70538882233271	8.9974414424145	0.800992354949697	0.784231470388784	0.749786786867875	3.97146458589619	-3.125	-2.325	-1.67419120270649	186038544.78	200.653764	0.7774087905971204	0.637914771436832	0.088135265223066	0	0	0	0	0	1	0	0	0	0 #FIIP11B
155 71.0	24930.0	0.6	0.819112627986348	2.41005075577403	4.68057373360209	8.83126866334986	0.803350251924677	0.780095622267015	0.735939055279155	3.94886641652892	-3.47871919884043	-2.68810119910396	-3.55874871949938	1914881099.42	83.302759	0.8523127067135916	0.720264259194584	-1.60601307434421	0	0	0	0	0	0	0	0	0	1 #HFOF11
156 71.81	1059.0	0.59	0.813793103448276	2.36691836836498	4.81913717738037	9.04636170149469	0.788972789454995	0.803189529563395	0.753863475124558	3.99044736454997	-1.45439717276062	-0.652439853201026	1.83470247568303	1120247855.81	91.794762	0.7822886451843516	0.642738198939935	-0.035606996377846	0	0	0	0	0	0	0	0	1	0 #ABCP11
157 60.0	1113.0	0.493494858	0.806364147058823	2.39326764488989	4.8181587660026	9.24047658965967	0.797755881629962	0.803026461000434	0.770039715804972	4.08705510234918	-1.49686141960406	-0.702567426364087	10.7409499694659	164007871.01	90.327825	0.6642471464357743	0.548661351028877	-0.152254620910275	0	0	0	0	1	0	0	0	0	0 #CEOC11
158 60.98	1273.0	0.5	0.803212851405622	2.50970151829697	5.05313479879784	9.84305413281126	0.836567172765656	0.842189133132973	0.820254511067605	4.21575412554378	6.39206973166981	7.24662450863103	9.71595164877679	48361846.89	72.541211	0.8406256134874835	0.689263376096658	-1.95146973428643	0	0	0	0	0	0	0	0	0	1 #IBFF11
159 76.33	9319.0	0.61	0.799161535438229	2.29687473743755	4.44008518346073	8.49998669206717	0.765624912479182	0.740014197243455	0.708332224338931	3.76880121968876	-2.59060745278203	-1.81214905564064	-7.5257832302918	777640109.45	108.754436	0.7018564281828468	0.560896660803795	-0.843752877408321	0	0	0	0	0	0	1	0	0	0 #XPIN11
160 46.59	2306.0	0.39	0.797382948272337	2.30666757384266	4.38792735823523	8.0477837265277	0.768889191280887	0.731321226372538	0.670648643877309	3.72717598953597	-2.37524950099801	-1.59680638722556	-0.48946477025632	234619574.18	87.675476	0.5313914691492522	0.444822221438524	0.0577050508193455	0	0	0	0	1	0	0	0	0	0 #RNGO11
161 78.39	948.0	0.650581374	0.793972875274591	2.55079008214497	4.54560788562446	9.90930594204887	0.850263360714991	0.757601314270744	0.82577549517074	2.91369760175281	3.31610137435379	4.13640319505735	3.37351645432369	135414523.06	120.298425	0.6516294789395622	0.666736015870532	0.0832265737207738	0	0	0	0	0	0	1	0	0	0 #MAXR11
162 84.24	304.0	0.6664	0.784553802684248	2.53619508108622	5.33018884666335	10.4851247326406	0.845398360362073	0.888364807777226	0.873760394386713	4.29238124039938	2.06681086277336	2.86757990867579	-2.04527129787755	313449092.21	113.068552	0.7450347467083509	0.589376964869949	-0.104886353385858	0	0	0	1	0	0	0	0	0	0 #HBRH11
163 33.53	193.0	0.26	0.781015319915891	2.26927032120286	4.00584792934536	4.00584792934536	0.756423440400954	0.667641321557559	0.33382066077878	4.00584792934536	-1.94403534609722	-1.17820324005892	-13.3877191335972	265344746.54	108.578749	0.3088081259805268	0.239457538785974	0.445256621160639	0	0	0	0	1	0	0	0	0	0 #RMAI11
164 98.79	691.0	0.76	0.779567135090779	2.43387032867584	4.90010609394105	9.44688800333116	0.811290109558613	0.816684348990175	0.787240666944264	3.27924218528365	3.71276595744681	4.52127659574468	7.7864622384711	238445073.76	103.412296	0.9553022592207024	0.742996483706348	0.0199000459620846	0	0	0	1	0	0	0	0	0	0 #VVPR11
165 97.1	741.0	0.74	0.778865382591306	2.27373151778506	4.61491227638006	8.70171409187663	0.757910505928353	0.769152046063344	0.725142840989719	3.57046783193563	3.37286475900338	4.17800021760419	8.23546759550249	109078796.98	109.253056	0.8887623244149802	0.576642908734745	-0.0097287583726624	0	0	0	0	1	0	0	0	0	0 #BMLC11
166 59.7	12.0	0.48	0.777957860615883	2.19631371314942	4.1139505996353	7.67413704501892	0.732104571049807	0.68565843327255	0.639511420418243	3.46779675348145	-1.70463597259838	-0.939939461526218	-5.56044720373007	138609258.54	92.121578	0.6480566366329504	0.521050562116945	0.052184379158704	0	0	0	1	0	0	0	0	0	0 #RBRS11
167 61.2	751.0	0.49	0.777777777777778	2.36811815318395	7.97597022457664	12.3571909261292	0.789372717727984	1.32932837076277	1.02976591051077	3.84898609759252	-0.615238996687173	0.157753588894161	-10.2024148004048	110193615.85	77.875347	0.7858712976264491	0.629210679472157	-12.8079242313363	0	0	0	0	1	0	0	0	0	0 #CBOP11
168 75.99	666.0	0.6	0.774193548387097	2.29426037523195	4.44195021915396	8.3004234001851	0.76475345841065	0.74032503652566	0.691701950015425	3.77141947702418	-2.19586067642604	-1.4386673397274	-2.10794425134878	279002316.82	102.091698	0.7443308465689346	0.587706945573577	0.0116751819018379	0	0	0	0	0	1	0	0	0	0 #LGCP11
169 63.64	842.0	0.56	0.772413793103448	3.22012820821081	7.06503244372146	11.7163916890483	1.0733760694036	1.17750540728691	0.976365974087358	5.62793916823339	-13.1736526946108	-12.5029940119761	2.25239850027437	23120336.18	75.217438	0.8460803996009543	0.74450820832265	-2.50467185346863	0	0	0	1	0	0	0	0	0	0 #MFAI11
170 77.97	23534.0	0.62	0.770090671966215	2.25855894312426	4.39681940120871	8.10234317314211	0.752852981041419	0.732803233534784	0.675195264428509	3.75956449924793	-0.297213622291015	0.470588235294112	9.68855438335461	1470237699.26	93.167338	0.8368812684118977	0.665469265634701	-0.628976714369245	0	0	0	0	0	0	0	0	1	0 #HSML11
171 199.0	19.0	1.63	0.769158172895432	2.21216827828986	4.225329850825	7.57725141236886	0.737389426096619	0.704221641804167	0.631437617697405	3.5351823020387	-1.8888888888889	-1.13425925925927	-0.255200166798897	307513373.89	410.017832	0.4853447447134446	0.397543685368299	0.00280142005411044	0	0	0	0	1	0	0	0	0	0 #FPAB11
172 424.81	1494.0	3.3	0.761509172724126	2.24265253855378	4.41811149064665	8.73601353038455	0.747550846184595	0.736351915107774	0.728001127532046	2.93545818491981	-1.19473768211769	-0.44232654643287	-3.39443100672339	312880513.96	456.759874	0.9300510490989408	-9999999999.0	-9999999999.0	0	0	0	1	0	0	0	0	0	0 #FIIB11
173 98.5	5.0	0.75	0.759109311740891	2.35814543102471	4.95435712075228	8.82654336778082	0.786048477008236	0.825726186792047	0.735545280648402	3.16451033802395	3.48800670367655	4.27359379909917	9.62673438998665	137475328.4	98.353326	1.0014912967966128	-9999999999.0	-9999999999.0	0	0	0	1	0	0	0	0	0	0 #EVBI11
174 139.5	1171.0	1.537021016	0.758835357195754	2.25614415959487	4.93635364288423	9.48574207363009	0.75204805319829	0.822725607147372	0.790478506135841	0.758835357195754	0.0	0.758835357195764	0.758835357195764	238028433.66	207.921413	0.6709265678181977	-9999999999.0	-9999999999.0	0	1	0	0	0	0	0	0	0	0 #NSLU11
175 37.6	17.0	0.3173469747	0.755948010242973	2.56689797572724	4.6692565775555	6.8523874970883	0.855632658575748	0.778209429592583	0.571032291424025	0.755948010242973	0.0	0.755948010242968	0.755948010242968	79910289.95	80.508873	0.46702926769326414	-9999999999.0	-9999999999.0	0	0	0	1	0	0	0	0	0	0 #WTSP11B
176 86.68	6889.0	0.65	0.754497968659315	2.17494408728241	4.17824639001088	7.99918006926259	0.724981362427471	0.696374398335146	0.666598339105216	3.57533578710028	-3.10426273759981	-2.37318636823752	-0.640501747485567	1401752936.38	110.722395	0.7828587884140331	0.587053775345087	-0.0846248317923792	0	0	0	0	0	1	0	0	0	0 #HSLG11
177 87.8	867.0	0.65	0.751445086705202	2.17682377801443	4.24465809098688	7.8241959305642	0.725607926004811	0.707443015164481	0.652016327547017	3.58198847912194	-5.93736407133536	-5.23053501522401	-3.75442828172803	472461986.94	111.167526	0.7897989921984951	0.584703126342849	-0.727902045540096	0	0	0	0	0	1	0	0	0	0 #HLOG11
178 71.79	520.0	0.54	0.750729876268594	2.30153442561579	4.57270874867907	0.0	0.76717814187193	0.762118124779845	0.0	3.82041768042575	1.73974540311175	2.50353606789251	3.34762661904129	70959417.68	78.800545	0.9110343082018025	0.685274448292204	-1.43619849151396	0	0	0	0	0	0	0	0	0	1 #ITIT11
179 78.28	15126.0	0.58	0.749063670411985	2.27270924116425	4.5448142635466	9.24281209488338	0.75756974705475	0.757469043924434	0.770234341240282	3.78420577675718	0.741608118657311	1.49622690606299	6.45412156893381	489268515.89	98.01965	0.798615379671321	0.591718089179057	-0.0155964801937025	0	0	0	1	0	0	0	0	0	0 #PATL11
180 8.83	65078.0	0.07	0.747863247863248	2.6959564009821	5.21628309088015	11.1324872912699	0.898652133660699	0.869380515146692	0.927707274272493	4.38983680988842	0.970873786407767	1.72599784250269	1.32694886465297	500070556.28	14.266797	0.6189195794963649	0.490649723270051	7.22538145895184	0	0	0	0	0	0	1	0	0	0 #TORD11
181 222.96	279.0	1.7	0.747088551966601	2.36976971431555	4.92500597798883	9.34230608906035	0.789923238105183	0.820834329664805	0.778525507421696	4.09808290106575	0.242290748898677	0.991189427312755	17.924973006169	120082868.33	312.767931	0.7128608079707508	0.543533985266539	0.0506961641754566	0	0	0	0	0	1	0	0	0	0 #EURO11
182 85.18	3336.0	0.65	0.738216922203294	2.20716027677496	4.46651761425427	9.05358819588461	0.73572009225832	0.744419602375712	0.754465682990384	3.56053470827137	0.870661015007435	1.61530530415852	-0.610093499339193	717331281.51	107.27195	0.7940566010033379	0.605936593862608	0.682356234788228	0	0	0	0	0	1	0	0	0	0 #RBRL11
183 208.0	5.0	1.48939996	0.731137381571842	2.16816189335405	4.21311218072892	7.73344648774291	0.722720631118018	0.702185363454821	0.644453873978576	3.50602430165915	-3.45497630331754	-2.74909954502369	-1.88235191587309	45277206.52	191.85257	1.084165825873482	0.802872299286895	0.0074385563258117	0	0	0	0	1	0	0	0	0	0 #EDFO11B
184 1274.99	21.0	9.5	0.730774852114247	2.3705665039508	4.28471310010335	6.8205143659877	0.790188834650268	0.714118850017225	0.568376197165641	3.03717761969116	5.73408486445599	6.50676296675858	11.6510176880371	112155668.94	1719.335126	0.7415599092459884	-9999999999.0	-9999999999.0	0	0	0	0	0	0	0	0	1	0 #FLRP11
185 69.24	4747.0	0.5	0.729820464165815	2.15159791108305	4.12703287255466	7.80953350977529	0.717199303694351	0.687838812092444	0.65079445914794	3.44884138319297	-2.75372604684173	-2.04400283889283	-3.49040455430564	381155465.82	90.27912	0.766954750998902	0.553837919554378	-0.255906638618575	0	0	0	0	1	0	0	0	0	0 #TEPP11
186 48.0	3977.0	0.37	0.729783037475345	2.12319267504792	4.12718404295059	7.23331469425295	0.70773089168264	0.687864007158431	0.602776224521079	3.4859362093284	-1.66795965865012	-0.950349107835524	-4.49021257299334	283406000.4	99.440702	0.48269972993553484	0.372081041825308	-0.0116920337613013	0	0	0	0	0	0	0	0	1	0 #FIGS11
187 99.51	11909.0	0.74	0.724070450097847	2.1812177263549	4.29173109503164	8.18109980632836	0.727072575451634	0.715288515838607	0.68175831719403	2.89998670793012	2.49724200180526	3.23939424330562	6.4954153271614	1350472515.23	114.688086	0.8676576920117056	0.645228310811639	-0.0768843185970147	0	0	0	0	0	1	0	0	0	0 #LVBI11
188 84.4	6718.0	0.62	0.720930232558139	1.91494009578878	0.0	0.0	0.638313365262928	0.0	0.0	2.37297284513036	-2.82485875706214	-2.12429378531073	0.834573135790251	396091486.15	98.895198	0.853428697316527	0.626926294237259	0.44046246212428	0	0	0	0	0	0	0	0	0	1 #BBGO11
189 56.0	121.0	0.41	0.720182680484806	2.09481394892138	4.15398400678411	7.67505822108313	0.698271316307128	0.692330667797351	0.639588185090261	3.48720336051979	-5.11666666666667	-4.43333333333332	4.324152179573	797170393.11	56.973746	0.9829088647251666	0.719629704530926	0.0201870547698046	0	0	0	0	0	1	0	0	0	0 #PQAG11
190 82.21	942.0	0.6	0.71882113334132	2.2108449577405	4.1081670339635	7.49991726426156	0.736948319246835	0.684694505660584	0.62499310535513	3.45681290300704	4.29838810446082	5.04810695989002	-0.466011500597074	112508527.31	125.009475	0.6576301516345061	0.479963618757698	-0.00497777487112883	0	0	0	0	0	0	0	1	0	0 #LUGG11
191 96.0	79183.0	0.68	0.712340247223968	2.06377148702385	4.05592719846514	7.74815515354071	0.68792382900795	0.675987866410857	0.645679596128393	3.43092719846514	-2.54211332312405	-1.84788157223074	0.33560643147843	3082675354.63	113.747405	0.8439752977221766	0.597815835886542	0.435820170377998	0	0	0	0	0	1	0	0	0	0 #XPLG11
192 101.05	16038.0	0.72	0.711181351244567	2.13442120224171	4.28209013521477	7.91183028083487	0.71147373408057	0.713681689202462	0.659319190069572	3.60718617923928	-0.793728564429208	-0.088192062714354	8.64994748868482	819150849.09	108.348256	0.9326407616565604	0.664523847988841	-0.461346805470708	0	0	0	0	0	0	0	0	1	0 #MALL11
193 58.9	45279.0	0.45	0.710675931775111	2.1987272957751	4.1368410135564	7.55134281414932	0.732909098591701	0.6894735022594	0.629278567845777	3.48950073773315	0.811972615825507	1.5284190415539	-6.63547258226864	1000575637.38	82.154551	0.716941414481104	0.547748109535648	-0.349314828807734	0	0	0	0	0	0	1	0	0	0 #RBRP11
194 101.55	42923.0	0.72	0.707616707616708	2.10678360045741	4.19066042397246	8.22283424360661	0.702261200152472	0.69844340399541	0.685236186967218	3.50819596899616	-0.342801175318308	0.362389813907926	2.94063377202147	1504876179.16	98.81674	1.0276598883954278	0.728621486602371	-0.217813462872563	0	0	0	0	0	1	0	0	0	0 #BTLG11
195 18.41	3544.0	0.137463533	0.705302888660852	2.3835305599643	3.67269284626054	6.93236336164125	0.794510186654768	0.612115474376758	0.577696946803438	2.87161708111028	0.412158681092212	1.12036853683666	-8.79652333118847	252351519.37	66.198289	0.27810386458779923	0.264717082038178	-0.0649202303463436	0	0	0	0	1	0	0	0	0	0 #EDGA11
196 97.29	27416.0	0.7	0.705289672544081	2.10794175702978	4.13732151281027	7.77199047103822	0.702647252343259	0.689553585468378	0.647665872586518	3.47412871318924	-1.93656753285247	-1.24493627111943	0.240311906270785	1702339010.34	113.508973	0.8571128557387265	0.616691334173202	-0.089705310638899	0	0	0	0	0	1	0	0	0	0 #VILG11
197 150.0	20300.0	1.05524524	0.703496826666667	2.16813517333591	4.19199699595331	5.50377662229217	0.722711724445302	0.698666165992218	0.458648051857681	3.48659924347104	3.44827586206897	4.17603120000001	3.53553711276136	285260278.84	159.29485	0.9416500282338067	0.661735859006113	-0.382849279324782	0	0	0	1	0	0	0	0	0	0 #BRLA11
198 96.9	35887.0	0.68	0.701754385964912	2.05957650160114	4.29951880608469	7.62754530935484	0.686525500533713	0.716586467680782	0.63562877577957	3.40666166322755	-0.513347022587274	0.184804928131421	7.04359629193729	1892808419.44	101.31952	0.9563803697451391	0.668183246110854	0.0119933622577451	0	0	0	0	0	0	0	0	1	0 #XPML11
199 117.08	2358.0	0.821610729	0.701751562179706	2.12395087611226	4.31250588191397	8.45837441434384	0.707983625370754	0.718750980318995	0.704864534528653	3.57809528822028	-2.17245989304814	-1.48595360210563	5.68781330048271	364002233.06	104.778695	1.1174027315381243	0.817797722141892	0.0159122544643564	0	0	0	0	0	0	1	0	0	0 #FCFL11
200 99.99	70001.0	0.7	0.7000700070007	2.1002100210021	4.21079992647856	0.0	0.7000700070007	0.701799987746426	0.0	3.51086991947926	0.0	0.700070007000697	5.12707173699658	675663743.88	94.195419	1.0615165903131658	0.743135926811897	-1.52407272251007	1	0	0	0	0	0	0	0	0	0 #GTLG11
201 64.87	39346.0	0.47	0.699404761904762	2.13942051450601	4.28907643514333	8.12999364961316	0.713140171502005	0.714846072523889	0.677499470801097	2.87471463215307	-1.17647058823529	-0.485294117647062	1.69519061450332	2792344880.24	104.824826	0.6188419525733342	0.476986243697652	-0.605138162974905	0	0	0	1	0	0	0	0	0	0 #BRCR11
202 173.8	6504.0	1.25	0.696146134996658	2.01314049187909	3.961147054197	6.56211178403347	0.671046830626365	0.660191175699499	0.546842648669455	3.38796170689879	0.933108487914547	1.63575042158515	11.2134190663397	2165192006.43	216.519201	0.8027001725357374	0.57731600441293	0.139772550435424	0	0	0	0	0	0	0	0	1	0 #HGBS11
203 46.19	23405.0	0.34	0.69416088199265	2.07222939339294	4.33283210164739	9.78429928782218	0.690743131130981	0.722138683607898	0.815358273985181	3.45099788647984	-4.35461823862527	-3.69068541300527	-1.85133553511566	898058411.59	54.213364	0.8520039450051466	0.627151637371184	-0.713081614276911	0	0	0	0	1	0	0	0	0	0 #VINO11
204 117.43	34196.0	0.82	0.692567567567568	2.13532141782812	4.11386167614448	8.04730178143961	0.711773805942707	0.685643612690747	0.670608481786635	3.47110118899969	2.51082251082251	3.22077922077921	6.76587449261545	2191214311.59	119.045952	0.9864258131179463	0.688809645539228	0.169677468755336	0	0	0	1	0	0	0	0	0	0 #HGRU11
205 101.1	21201.0	0.7	0.689655172413793	2.06286127414362	4.20230614998141	7.40469861128265	0.68762042471454	0.700384358330235	0.617058217606888	3.41954619636718	-1.45631067961165	-0.776699029126215	4.49615807325736	2037764034.54	115.152412	0.8779668462350575	0.607890002338813	-0.427462908839493	0	0	0	0	0	0	0	0	1	0 #VISC11
206 114.6	609.0	0.8	0.684345594525235	1.98688492679484	3.84599515645686	6.30255374049007	0.66229497559828	0.640999192742809	0.525212811707506	3.18137772686477	-1.20013522650438	-0.52400270453008	2.25982129046742	216770187.37	157.00362	0.7299194757420242	0.509542391442949	0.0502100279504702	0	0	0	1	0	0	0	0	0	0 #FLMA11
207 115.5	14943.0	0.780681704	0.675914895238095	2.01043105772662	3.98215201560112	7.42881493987591	0.670143685908874	0.663692002600186	0.619067911656326	3.32828205665274	-0.730554361839275	-0.0595773923506515	2.82979117931339	642298148.7	108.459466	1.064913965185851	0.711377280799078	-0.0459554944085339	0	0	0	0	0	1	0	0	0	0 #ALZR11
208 11.2	104.0	0.0811680313	0.668049640329218	1.97377901247744	3.49809006215913	6.86709632341562	0.657926337492481	0.583015010359856	0.572258026951301	2.17858996793963	1.67364016736402	2.35287055481173	4.34263914599211	527581196.04	12.714475	0.8808857620939913	-9999999999.0	-9999999999.0	0	1	0	0	0	0	0	0	0	0 #NVHO11
209 156.91	155133.0	1.1	0.666262870987281	2.01051965027121	4.34176056996782	8.98611076526514	0.670173216757071	0.723626761661304	0.748842563772095	3.31572867503349	0.658456285818798	1.32910620656017	0.29819671761866	3501807619.41	149.288321	1.0510534176347257	0.73682923930801	0.470539739947373	0	0	0	0	0	1	0	0	0	0 #HGLG11
210 43.86	980.0	0.3	0.652173913043478	1.92251253572426	5.44285627981797	6.97076403590644	0.640837511908086	0.907142713302995	0.580897002992204	5.02791852048187	1.09890109890109	1.75824175824175	12.4451898186365	130471665.38	70.457205	0.6225055336782094	0.425790378712865	-0.524166385988545	0	0	0	1	0	0	0	0	0	0 #RBRD11
211 98.19	17125.0	0.65	0.650911275786101	1.91928058604761	3.80728765188135	7.31182760879944	0.639760195349205	0.634547941980226	0.609318967399953	3.19729539781474	-1.48959258163165	-0.84837723192267	6.04187539408585	1757794758.42	118.940443	0.825539215454242	0.529676856845068	0.0190577052481267	0	0	0	0	0	1	0	0	0	0 #BRCO11
212 115.0	166.0	0.75	0.639222705190488	1.92632063484161	4.23110677536293	6.73137643883749	0.642106878280536	0.705184462560488	0.560948036569791	3.54347497926868	-1.23737373737374	-0.60606060606061	19.4556531218872	555123785.59	198.247945	0.5800816749954205	0.378314135866579	-0.0325491342971107	0	0	0	0	0	0	0	0	1	0 #FVPQ11
213 132.0	25961.0	0.84	0.633484162895928	1.83831159834084	3.67986443065772	6.87732502556022	0.61277053278028	0.613310738442953	0.573110418796685	3.05966568515064	-3.1409788166545	-2.527392257122	3.22968291167716	3795886422.3	157.133229	0.8400514699535641	0.534578208152268	-0.0184408197209773	0	0	0	1	0	0	0	0	0	0 #KNRI11
214 78.81	39764.0	0.49	0.629820051413882	1.93201258562943	3.92550840927616	7.90124606753706	0.644004195209809	0.654251401546027	0.658437172294755	3.28541179091867	0.413009808982956	1.04543107898811	1.05575438070957	2359889166.96	113.634704	0.6935381289856662	0.431206297681736	-0.0343562143867993	0	0	0	1	0	0	0	0	0	0 #JSRE11
215 30.01	403.0	0.21813199	0.623234257142857	1.73183292516523	7.94397143867766	11.069020176	0.577277641721742	1.32399523977961	0.922418348000004	7.42408088586168	-12.739965095986	-12.1961306656694	-0.880443610506565	37217103.19	38.999211	0.7695027471196789	0.530682197647537	-1.58253935964217	0	0	0	0	0	0	0	0	0	1 #PLRI11
216 98.51	91.0	0.61	0.621054774994909	1.80579116955273	3.46539604300465	6.33414591844222	0.601930389850911	0.577566007167442	0.527845493203518	2.90744257421846	0.224489795918359	0.846938775510186	8.16116805947398	184805807.65	103.542643	0.9513954554936367	0.598787110350274	0.0046369519658418	0	0	0	0	1	0	0	0	0	0 #VLOL11
217 28.45	5157.0	0.1766	0.620738137082601	1.58647501386714	2.73210051207698	5.12248119414261	0.528825004622379	0.455350085346164	0.426873432845218	5.12248119414261	-1.89655172413793	-1.28758620689654	-28.7121723463601	97865283.71	90.784122	0.3133807914119608	0.176242272850312	0.00299180208773731	0	0	0	0	0	0	0	0	1	0 #RBGS11
218 129.51	19363.0	0.78	0.595874713521772	1.76503983801366	4.83599615548135	8.53221279487543	0.588346612671221	0.805999359246892	0.711017732906286	2.81542304747253	2.25763612217798	2.86696351847515	1.60534792927263	1924601744.59	162.856633	0.7952393317624342	0.478948867867114	-1.08037935650978	0	0	0	0	1	0	0	0	0	0 #HGRE11
219 92.48	24039.0	0.56	0.58455114822547	1.78822816759337	3.65724046786088	7.39262902124077	0.596076055864457	0.609540077976813	0.616052418436731	2.4217123304893	1.0548523206751	1.64556962025315	11.0193973158757	995275932.69	99.136075	0.9328592038770952	0.564880140756027	-0.144468894047545	0	0	0	0	1	0	0	0	0	0 #PVBI11
220 158.5	301.0	0.92	0.583386176284084	1.75073058720909	3.5872301789917	6.66853510694254	0.583576862403031	0.597871696498616	0.555711258911879	3.58723017899169	0.465057017264447	1.05115627189909	20.1781418666013	159240183.47	174.797128	0.906765470425807	0.526324437092582	0.0133904567176657	0	0	0	0	1	0	0	0	0	0 #ONEF11
221 94.0	1.0	0.54	0.574468085106383	1.7570814668089	3.48459567656387	6.75109242132263	0.585693822269633	0.580765946093978	0.562591035110219	2.91944653998615	-1.46750524109015	-0.901467505241105	1.34727517312543	106285979.32	109.89027	0.8553987536840159	0.491399284031243	0.0346602086558345	0	0	0	1	0	0	0	0	0	0 #BREV11
222 85.7	21893.0	0.5	0.572868927589368	1.750324524101	3.61900394785024	6.69771975143265	0.583441508033665	0.603167324641707	0.558143312619388	2.99995632880263	1.48837209302326	2.06976744186047	12.4124492340349	225875176.13	98.365608	0.8712394681685901	0.51847389587629	-0.0066024815998933	0	0	0	0	0	0	1	0	0	0 #BLCP11
223 92.81	4.0	0.54	0.568421052631579	1.70744742315354	3.39618034451082	6.69242264575634	0.56914914105118	0.56603005741847	0.557701887146362	2.83368034451082	1.06382978723405	1.63829787234042	2.00697528128759	320439330.78	92.74655	1.000684122482184	0.582231899731041	-0.721623825196083	0	0	0	0	1	0	0	0	0	0 #HAAA11
224 100.0	7.0	0.56	0.56	1.68	3.67878787878788	7.07598291625693	0.56	0.613131313131313	0.58966524302141	2.8	0.0	0.560000000000005	2.83153610827556	827352123.56	97.129127	1.0295572820293135	0.576552077936416	0.0308766876281119	0	0	0	1	0	0	0	0	0	0 #HSRE11
225 129.95	3940.0	0.72	0.558009765170891	1.48354409181338	2.76237041454984	6.44809463511261	0.494514697271128	0.460395069091641	0.537341219592718	2.76237041454984	2.90294281840657	3.47715128798149	1.86274018122796	719897351.6	195.057395	0.6662141673736593	0.307601770237934	0.0735205945318729	0	0	0	0	1	0	0	0	0	0 #RCRB11
226 812.0	14.0	9.16	0.555148150617269	2.17304090911209	4.78172102686318	10.4346685592559	0.724346969704028	0.796953504477197	0.869555713271326	8.82451421092899	-47.8010123378678	-47.5112306232205	-47.7973279609848	325344682.76	3104.433996	0.26156136707890887	-9999999999.0	-9999999999.0	0	0	0	0	1	0	0	0	0	0 #FAMB11B
227 82.0	8.0	0.45	0.535778068817716	1.6471924381761	3.34786202573192	5.94037723017474	0.549064146058699	0.557977004288654	0.495031435847895	2.71559090787659	2.45181751646741	3.00073188582581	3.36056057574992	275728285.78	94.790654	0.8650641866021939	0.474730346306082	0.0142481600259092	0	0	0	0	0	0	0	0	1	0 #HPDP11
228 256.0	8028.0	1.35	0.519230769230769	1.56338076729256	3.15333132350809	6.7196630306391	0.521126922430853	0.525555220584682	0.559971919219925	2.59407037649289	0.308641975308643	0.829475308641969	3.02132481343032	470185660.24	268.208997	0.954479539700154	0.503338819763753	0.00821218113378208	0	0	0	0	1	0	0	0	0	0 #HGPO11
229 95.0	50.0	0.505	0.512742410396995	1.53820213057046	2.05350825301944	0.0	0.512734043523487	0.34225137550324	0.0	2.05350825301944	-0.515151515151524	-0.00505050505050786	2.5797225881327	153292044.08	95.807528	0.991571351261667	0.52709845514436	-1.68039932026061	0	0	0	0	1	0	0	0	0	0 #BLCA11
230 69.1	829.0	0.36	0.510421097405359	1.51067399526245	3.26084710922987	7.04700882561682	0.503557998420817	0.543474518204978	0.587250735468068	2.50731922869829	-3.34383993421954	-2.85048650130191	-0.936662889271511	52763160.86	92.010046	0.7510049500464329	0.39126162375791	0.284967860869201	0	0	0	1	0	0	0	0	0	0 #HOSI11
231 105.49	3500.0	0.5	0.473978576168357	1.22419274426574	1.50456657604144	0.0	0.408064248088579	0.250761096006906	0.0	1.50456657604144	0.0	0.473978576168355	0.0804055136829351	87721884.92	108.396353	0.9731877233913948	0.461270131477578	-0.224732941224204	0	0	0	0	1	0	0	0	0	0 #BTWR11
232 75.6	981.0	0.360133644	0.47027114651345	1.71594909903875	4.28808341612549	6.82648663294799	0.571983033012915	0.714680569354249	0.568873886078999	2.26040653796492	0.630749014454679	1.10398639159004	5.13514815495979	220547400.56	87.415853	0.8648316913409287	0.540467445876207	0.0605599998882766	0	0	0	0	0	0	0	0	1	0 #JRDM11
233 68.42	2230.0	0.32	0.467153284671533	1.4028757998533	2.76899330360266	5.6019218547585	0.467625266617766	0.461498883933777	0.466826821229875	2.30502794634933	0.883652430044179	1.35493372606774	7.09483248315395	303082185.17	87.156848	0.7850215051374966	0.367154167851504	0.105248694446991	0	0	0	0	1	0	0	0	0	0 #PATC11
234 102.23	304.0	1.62	0.424083769633508	1.53045841376057	2.90812436151998	5.95086340125441	0.510152804586857	0.484687393586663	0.495905283437867	4.46373503952612	5.29507428539926	5.74161360566718	-11.2473397623964	47185757.76	241.978245	0.4224759957243264	-9999999999.0	-9999999999.0	0	0	0	0	1	0	0	0	0	0 #PRSV11
235 70.42	21.0	0.3	0.423190859077444	1.23403868814195	2.52752236128535	0.0	0.411346229380652	0.421253726880892	0.0	2.00292290006318	-4.84563758389261	-4.44295302013422	0.810259374238442	104841901.37	102.710957	0.6856133177690089	0.292081788313977	-0.12987662309073	0	0	0	0	0	0	0	0	1	0 #WPLZ11
236 92.0	3.0	0.3672	0.408	1.80293676437462	3.66832316917862	6.98464060845505	0.600978921458206	0.611387194863103	0.582053384037921	3.02380711183892	4.04624277456647	4.47075144508671	3.05986598002466	282692671.94	112.26004	0.819525808114802	0.32709769210843	-0.321006910550503	0	0	0	0	0	0	0	0	1	0 #LASC11
237 780.0	1357.0	3.05	0.405585106382979	1.23723654043212	2.83883934180311	4.95768918011646	0.412412180144042	0.473139890300519	0.413140765009705	2.34517470464662	-9.0689238210399	-8.70012091898428	-4.50305575236707	541116717.56	888.606154	0.8777792011555212	0.343234174810813	0.135504734440572	0	0	0	0	0	0	0	0	1	0 #SHPH11
238 14.38	1281.0	0.09	0.39147455415398	0.780392785296247	1.36440988920719	5.52703990676752	0.260130928432082	0.227401648201198	0.460586658897293	1.36440988920719	-2.58474576271188	-2.2033898305085	-39.3088003325929	117762540.94	40.568994	0.35445788968787345	-9999999999.0	-9999999999.0	0	0	0	0	1	0	0	0	0	0 #CTXT11
239 42.56	925.0	0.1700000127	0.377777806	1.14293016207602	3.40395130064679	8.03174517166863	0.380976720692006	0.567325216774465	0.669312097639052	1.50052383666584	3.09278350515465	3.48224516082474	-3.91450655123302	182267031.86	73.456739	0.5793886385291348	-9999999999.0	-9999999999.0	0	0	0	0	0	0	1	0	0	0 #OULG11
240 112.15	2.0	0.4	0.341909564920079	1.1041779577551	2.35244178054836	4.26516420528845	0.368059319251701	0.392073630091393	0.355430350440704	1.80224284613719	8.35417245531165	8.72464573492637	10.4745635693557	796806635.95	202.463241	0.5539277127347774	0.18768839129667	0.0145850210051091	0	0	0	0	1	0	0	0	0	0 #TRNT11
241 2000.0	61.0	6.513644741	0.328143311889169	1.78397639015048	3.83501372413732	7.19001595478897	0.594658796716826	0.639168954022887	0.599167996232414	2.64704676215456	-1.73267326732673	-1.41021560688118	0.44561341751419	800467303.08	3356.580731	0.5958444501360631	0.447278779096346	-0.0638103349883345	0	0	0	0	0	0	0	0	1	0 #PQDP11
242 103.38	1238.0	0.31	0.289530213878771	3.00384423388452	7.20572631055956	14.4788071590137	1.00128141129484	1.20095438509326	1.20656726325114	5.77548433880459	-0.769230769230778	-0.481927710843388	5.53103723673931	156931955.28	103.638329	0.9975073990241583	0.300545164691237	0.0	0	0	0	1	0	0	0	0	0	0 #CACR11
243 105.16	72.0	0.3	0.288433804441881	0.79074863208402	1.79413071152423	4.63590727862961	0.26358287736134	0.299021785254038	0.386325606552467	0.390412185025197	6.06771364470733	6.37364878645728	6.4821269108571	357825990.77	94.049845	1.118130497716397	0.318979792045378	-0.0133507114420617	0	0	1	0	0	0	0	0	0	0 #XPHT11
244 64.68	24.0	0.2	0.285143997718848	1.25667600633021	2.76983641830675	0.0	0.41889200211007	0.461639403051124	0.0	1.25667600633021	0.804828973843064	1.09226789307273	9.65727102474836	576749054.7	133.969447	0.4827966484029751	0.149287770068947	0.0718306120597534	0	0	0	0	0	0	0	0	1	0 #BPML11
245 84.0	10.0	0.33	0.277310924369748	0.79953314659197	0.0	0.0	0.26651104886399	0.0	0.0	1.27996559148021	5.77777777777777	6.07111111111112	-7.41919340816267	58097475.43	125.405482	0.669827177092625	-9999999999.0	-9999999999.0	0	0	0	0	1	0	0	0	0	0 #DRIT11B
246 35.06	7.0	0.093756073	0.268642042979943	0.65533761925031	1.84759472428576	3.47438826952667	0.218445873083437	0.307932454047626	0.289532355793889	1.04917721120773	5.69351907934583	5.97745630829798	4.28018521254161	255318975.59	86.570874	0.40498609266668606	0.0771619725128338	-0.027117240758745	0	0	0	0	1	0	0	0	0	0 #CNES11
247 4.99	231.0	0.0137	0.233788395904437	0.603244923589952	1.78238167045114	2.90402187123319	0.201081641196651	0.297063611741857	0.242001822602766	1.39377448333838	-6.68789808917197	-6.46974522292992	-25.2570996503881	52451827.63	12.48853	0.3995666423510213	0.109700661326834	0.12230950751182	0	0	0	0	0	0	0	0	1	0 #SCPF11
248 4.11	10079.0	0.001677	0.226621621621622	0.662308402575686	1.35852324973632	1.60012818800793	0.220769467525229	0.226420541622721	0.133344015667327	1.35852324973632	-2.63157894736842	-2.41092105263159	5.6493108426835	293685366.89	8.210401	0.5005845634092659	-9999999999.0	-9999999999.0	0	0	0	1	0	0	0	0	0	0 #CARE11
249 115.0	5000.0	0.28063055	0.22187741144845	0.0	0.0	0.0	0.0	0.0	0.0	0.46308313429253	-0.299542803090014	-0.0783300094592376	0.162686776919307	57806170.89	115.399545	0.9965377246504741	0.198098554028094	0.236383339594659	1	0	0	0	0	0	0	0	0	0 #ERPA11
250 88.5	4.0	0.25	0.182481751824818	0.592582653499357	1.29640889395051	2.96768022575315	0.197527551166452	0.216068148991751	0.247306685479429	0.366305281236583	0.735294117647056	0.919117647058831	1.10463073096887	156611749.64	89.434117	0.9895552499277205	-9999999999.0	-9999999999.0	0	0	0	0	0	0	0	0	1	0 #ATSA11
;
